72
22
54
35
21
57
65
47
71
76
69
18
1
3
53
33
7
59
28
6
97
20
84
8
34
98
91
76
98
15
52
71
89
59
6
10
16
24
9
39
0
78
9
53
81
14
38
89
26
67
47
23
87
31
32
22
81
75
50
79
90
54
50
31
13
57
94
81
81
3
20
33
82
81
87
15
96
25
4
22
92
51
97
32
34
81
6
15
57
8
95
99
62
97
83
76
54
77
9
87
32
82
21
66
63
60
82
11
85
86
85
30
90
83
14
76
16
20
92
25
28
39
25
90
36
60
18
43
37
28
21
10
55
88
25
15
70
37
53
8
22
83
50
57
97
27
26
69
71
51
10
28
98
88
93
77
76
52
87
99
66
17
35
98
95
5
66
54
28
93
97
72
45
25
83
27
21
34
34
59
57
61
72
16
50
82
99
54
15
6
64
63
72
37
28
71
87
90
41
52
8560
-1218498560
-1218454400
-1218428400
-1218277168
-1218277032
-1217334024
-1217329332
-1217329268
-1217328344
-1217297580
-1217297184
-1217296484
-1217098122
-28
0
0
0
0
0
0
0
0
0
0
0
0
0
0
0
0
0
0
0
0
0
0
0
0
0
0
0
0
0
0
0
0
0
0
0
0
0
0
0
0
0
0
0
0
0
0
0
0
0
0
0
0
0
0
0
0
0
0
0
0
0
0
0
0
0
0
0
0
0
0
0
0
0
0
0
0
0
0
0
0
0
0
0
0
0
0
0
0
0
0
0
0
0
0
0
0
0
0
0
0
0
0
0
0
0
0
0
0
0
0
0
0
0
0
0
0
0
0
0
0
0
0
1
5
6
14
14
24
58
200
4098
4001536
134517371
134517371
134517371
134518212
1073741824
