28
89
72
8
58
98
36
8
53
48
3
33
33
48
90
54
67
46
68
29
0
46
88
97
49
90
3
33
63
97
53
92
86
25
52
96
75
88
57
29
36
60
14
21
60
4
28
27
50
48
56
2
94
97
99
43
39
2
28
3
0
81
47
38
59
51
35
34
39
92
15
27
4
29
49
64
85
29
43
35
77
0
38
71
49
89
67
88
92
95
43
44
29
90
82
40
41
69
26
32
61
42
60
17
23
61
81
9
90
25
96
67
77
34
90
26
24
57
14
68
5
58
12
86
0
46
26
94
16
52
78
29
46
90
47
70
51
80
31
93
57
27
12
86
14
55
12
90
12
79
10
69
89
74
55
41
20
33
87
88
38
66
70
84
17
6
60
49
37
5
59
17
18
45
83
73
58
37
83
78
14
29
59
38
88
33
81
58
99
39
63
94
47
62
90
91
15
57
91
51
