15
8
23
21
27
36
28
74
95
35
11
76
63
6
88
43
99
5
86
82
97
28
68
10
36
16
24
62
36
79
73
30
63
81
90
40
7
48
9
87
13
19
4
67
27
84
22
72
33
97
33
86
52
75
36
27
2
43
3
81
59
39
4
26
81
96
24
0
29
80
57
14
81
39
63
93
82
93
86
74
13
32
46
4
66
12
29
7
83
87
57
33
96
53
26
80
48
29
60
19
41
10
83
40
57
20
91
70
67
80
99
54
69
10
30
87
94
51
30
15
15
86
11
34
87
87
43
42
44
39
63
12
5
99
35
69
37
10
60
11
16
21
5
79
78
0
87
51
26
36
92
80
94
37
17
17
56
45
22
59
52
40
72
27
96
13
70
41
98
2
57
46
38
95
72
58
52
46
11
61
16
74
67
57
92
79
35
41
76
1
0
96
39
4
64
51
51
39
65
2
