23
90
47
49
22
68
55
66
36
60
20
4
83
21
97
27
28
70
98
63
60
16
23
92
35
63
62
95
60
76
73
87
73
81
29
44
80
9
47
66
59
42
1
71
58
22
55
80
23
0
0
52
4
59
25
17
36
60
14
37
48
20
63
32
4
58
27
68
69
41
74
5
1
89
90
32
99
0
57
48
17
69
69
28
18
85
80
54
7
0
21
88
90
34
25
61
42
30
91
63
20
20
54
38
42
92
30
22
34
85
8
94
80
8
44
2
45
84
22
87
25
57
35
2
92
48
96
86
30
40
49
51
12
56
89
54
48
72
28
82
57
88
76
37
97
20
39
94
5
14
82
82
23
69
36
15
17
84
53
99
24
54
50
36
10
92
42
58
64
23
41
21
11
69
10
60
90
2
55
47
16
89
81
39
58
17
6
75
1
11
74
78
65
77
66
76
69
61
34
33
