13
91
38
70
21
67
29
71
80
43
95
99
24
88
54
86
69
32
69
10
73
30
33
63
87
79
94
49
99
51
39
64
42
30
86
15
49
15
86
81
11
34
33
87
22
87
73
43
19
42
54
44
24
39
59
63
18
53
12
69
5
4
33
99
34
19
15
35
87
53
69
50
87
2
37
62
89
10
5
60
4
11
57
29
3
16
92
21
22
5
43
79
61
28
78
47
0
45
82
87
99
51
89
86
53
26
48
94
36
6
7
92
17
64
21
20
80
66
94
54
23
37
33
84
17
12
31
17
9
65
56
8
69
45
95
22
71
95
69
59
1
76
52
71
40
25
43
72
91
89
27
66
78
12
50
96
24
33
13
86
99
70
94
68
15
41
42
39
37
63
98
90
39
2
13
31
28
57
4
71
46
83
38
25
95
40
21
72
26
34
58
25
56
52
45
72
46
39
11
83
