62
19
32
94
73
60
79
2
21
35
71
67
95
20
66
60
59
45
58
83
14
25
70
22
47
90
57
74
21
12
85
76
18
58
33
73
5
3
6
26
77
96
81
60
36
55
18
32
70
27
63
14
24
32
43
23
21
65
47
71
69
18
1
28
98
16
78
38
26
47
87
32
81
50
90
50
13
94
81
20
82
87
96
4
92
51
32
6
95
83
77
87
63
11
86
90
14
92
28
25
60
37
21
55
25
37
22
50
27
71
49
39
10
77
76
52
87
57
52
68
95
5
28
8
97
74
97
82
39
59
57
61
72
52
82
17
73
51
91
37
59
71
87
90
52
69
61
12
6
64
4
12
69
70
44
49
14
83
35
21
9
64
48
33
55
93
33
71
77
81
90
0
75
24
89
69
51
19
38
98
52
98
42
25
66
48
72
59
97
35
98
54
34
84
97
15
14
0
8
13
