63
56
25
46
82
34
84
99
76
12
94
70
78
97
92
1
41
40
97
75
27
97
65
19
96
45
78
44
65
58
24
99
71
61
6
89
0
3
92
96
29
14
4
56
94
28
38
35
27
64
43
38
89
43
90
61
25
34
22
35
98
40
72
35
57
53
20
70
11
83
0
67
32
36
65
86
69
93
89
73
77
98
55
68
60
86
45
50
64
19
38
83
33
56
75
11
92
2
31
74
18
77
73
25
97
41
85
30
59
24
2
80
89
8
38
31
90
38
29
95
24
86
69
63
99
64
86
49
81
33
22
73
19
54
24
59
53
69
33
19
87
87
89
5
29
92
43
28
45
99
86
48
6
64
20
54
33
31
65
69
95
1
71
43
89
66
12
33
86
94
15
42
37
39
13
28
4
25
40
26
56
72
83
25
39
44
30
13
19
50
76
53
98
70
40
83
92
40
35
6
