76
4
43
63
13
38
6
40
4
18
28
88
69
17
17
96
24
43
70
83
90
99
72
25
44
90
5
39
54
86
69
82
42
64
97
7
55
48
11
22
28
99
43
46
68
40
22
11
10
5
1
61
30
78
5
36
26
65
16
58
37
24
36
99
79
68
73
81
33
60
99
99
59
13
90
26
84
90
76
36
45
79
87
48
59
36
42
6
13
21
19
21
39
40
5
27
84
20
22
96
30
92
72
25
22
40
98
98
24
9
19
32
94
4
79
73
50
60
79
93
21
4
61
26
44
2
84
42
28
72
58
36
53
3
33
90
67
68
0
88
49
3
63
53
86
52
75
57
36
14
60
28
50
56
94
99
39
28
0
47
59
35
39
15
4
49
85
43
77
38
49
67
92
43
29
82
41
26
61
60
23
81
90
96
90
24
14
86
94
78
47
31
27
14
90
79
69
55
20
33
