5
10
1
65
89
67
90
26
32
38
99
5
0
62
57
32
48
61
17
7
69
97
69
38
28
39
18
70
85
92
80
42
54
7
43
0
50
21
85
88
20
90
40
34
47
83
94
30
63
20
38
92
22
85
94
8
2
84
87
57
2
48
86
40
51
56
54
72
82
88
37
20
94
14
82
69
15
84
99
54
36
92
58
23
21
69
60
2
47
89
39
17
75
11
78
77
76
61
33
27
99
16
39
67
86
67
66
35
37
19
12
34
17
74
31
8
51
42
47
76
69
63
31
80
97
88
96
1
69
16
82
82
2
23
90
35
46
47
28
90
94
36
71
0
90
81
28
58
34
77
36
72
65
7
58
60
38
14
58
69
27
13
60
99
81
90
54
36
82
26
33
87
57
10
38
34
45
6
47
26
60
82
48
90
63
8
35
1
51
88
48
0
49
64
43
11
56
59
58
28
8498560
-1218498560
-1218454400
-1218428400
-1218277168
-1218277032
-1217334024
-1217329332
-1217329268
-1217328344
-1217297580
-1217297184
-1217296484
-1217098122
-28
0
0
0
0
0
0
0
0
0
0
0
0
0
0
0
0
0
0
0
0
0
0
0
0
0
0
0
0
0
0
0
0
0
0
0
0
0
0
0
0
0
0
0
0
0
0
0
0
0
0
0
0
0
0
0
0
0
0
0
0
0
0
0
0
0
0
0
0
0
0
0
0
0
0
0
0
0
0
0
0
0
0
0
0
0
0
0
0
0
0
0
0
0
0
0
0
0
0
0
0
0
0
0
0
0
0
0
0
0
0
0
0
0
0
0
0
0
0
0
0
0
0
1
5
6
11
11
24
24
200
4098
4001536
134517371
134517371
134517371
134518212
1073741824
