82
49
39
10
90
99
31
77
57
52
41
68
84
76
28
8
78
55
74
0
97
12
82
93
39
21
85
54
62
41
52
62
17
73
51
90
91
37
59
80
56
70
65
11
69
17
61
83
51
12
0
6
38
67
64
89
32
54
4
75
79
41
12
38
69
36
70
56
44
60
49
14
65
14
26
86
83
39
69
35
52
21
93
90
89
9
31
73
64
35
48
95
77
13
33
98
49
55
55
93
68
56
60
33
23
86
71
58
77
40
45
81
61
90
23
50
0
54
75
64
42
24
59
19
89
44
69
38
51
76
83
19
33
43
4
56
81
75
66
11
67
12
92
29
2
68
31
2
74
7
18
16
83
77
87
72
73
57
62
25
33
97
96
18
41
53
26
74
80
93
85
48
5
30
29
59
98
60
62
24
19
80
41
2
10
80
26
83
89
40
8
23
38
57
93
31
10
20
5
90
