86
93
9
48
54
70
28
50
55
59
50
29
31
48
42
88
77
6
68
54
8
69
98
3
87
70
7
11
69
26
3
40
71
64
88
26
86
16
76
41
27
78
22
70
17
28
17
58
66
59
9
35
30
2
16
13
74
6
94
6
17
39
52
93
42
5
13
2
87
61
1
48
50
39
9
11
80
12
52
3
61
50
27
53
40
84
10
11
37
54
61
74
42
26
39
64
25
2
4
80
46
90
94
23
90
96
49
93
54
51
87
24
29
2
83
6
67
36
9
30
69
25
51
57
73
70
58
85
64
83
39
64
86
52
3
68
76
32
27
30
67
66
37
4
33
71
92
94
17
75
55
38
0
7
47
73
77
57
59
93
92
50
57
78
2
60
47
31
44
26
61
11
92
98
68
77
21
60
71
90
87
79
80
87
86
79
13
63
36
24
9
28
74
66
59
29
27
58
60
71
