86
56
47
95
26
84
3
60
82
55
73
95
5
66
63
90
90
61
93
1
44
51
88
47
75
56
29
42
49
1
64
72
11
42
40
59
58
28
97
94
56
25
53
71
80
19
67
3
29
86
94
58
8
98
13
30
47
58
78
7
53
7
75
2
8
26
85
46
4
37
33
48
69
71
8
56
88
62
83
59
45
61
72
57
11
30
57
37
78
28
41
25
65
33
58
23
10
89
44
12
93
0
20
28
49
37
41
24
54
58
54
19
18
99
6
18
5
1
11
28
86
55
83
89
89
53
80
11
11
43
84
32
96
18
41
63
86
94
35
58
37
15
17
98
80
6
35
23
52
9
25
56
71
80
85
74
88
70
41
79
18
42
42
88
35
6
56
35
54
44
2
32
51
71
4
89
39
82
72
86
19
18
53
63
19
69
9
80
32
0
20
13
29
28
50
44
18
4
47
39
