76
4
43
63
13
38
6
40
4
18
28
88
69
17
17
96
24
43
70
83
90
99
72
25
44
90
5
39
54
86
69
82
42
64
97
7
55
4
48
11
22
28
99
43
46
68
40
22
11
10
5
1
61
30
78
5
20
36
44
26
22
65
8
16
82
58
24
37
62
24
0
36
52
99
79
50
68
71
73
31
81
30
33
94
60
63
99
81
99
96
59
73
13
68
90
95
26
66
84
40
90
84
76
42
36
7
45
56
79
18
87
12
48
72
59
9
36
10
42
87
6
1
13
72
21
55
19
99
21
4
39
11
40
67
5
28
27
50
84
58
20
24
22
69
96
81
30
84
92
72
72
50
25
85
22
99
40
42
98
13
98
90
24
90
9
81
19
36
32
55
94
4
79
69
73
76
50
55
60
42
79
84
93
5
21
67
4
13
61
54
26
59
44
2
2
6
84
21
42
68
