59
18
4
34
15
53
50
2
62
4
57
3
22
61
47
82
89
53
94
7
17
21
66
23
84
12
9
8
95
71
69
76
25
91
78
50
24
99
68
39
63
90
31
71
83
21
34
25
45
39
3
42
96
94
60
32
90
95
7
37
84
9
63
73
23
49
30
4
86
79
47
84
61
31
28
94
43
23
87
43
94
80
86
63
95
5
98
72
53
97
86
77
53
32
7
61
3
28
33
60
85
97
49
79
16
85
65
30
92
29
52
66
95
28
13
0
86
63
16
82
20
65
99
8
3
32
10
69
15
84
96
24
82
65
51
16
61
43
37
87
61
81
88
20
93
8
70
11
87
32
93
93
82
51
11
68
99
69
40
36
20
18
64
97
67
35
49
90
49
40
55
66
60
57
83
5
28
27
63
83
82
11
63
68
98
68
3
73
23
96
80
9
47
59
42
1
13
99
84
90
