90
75
79
41
25
91
7
31
19
53
27
19
81
68
39
88
20
18
10
79
66
78
47
16
12
0
3
51
49
6
25
63
81
97
29
34
14
75
86
26
16
69
9
15
33
76
26
29
8
44
18
34
62
42
34
34
79
24
35
42
63
15
50
39
94
13
75
38
73
81
83
35
64
7
91
23
57
39
14
71
34
0
90
32
29
47
35
68
25
53
52
87
21
97
78
70
98
21
16
23
35
62
60
9
87
57
44
55
54
34
38
22
55
80
3
20
52
4
58
94
58
90
26
73
65
48
20
63
0
86
4
58
27
68
69
41
74
5
1
89
90
32
99
32
61
7
97
69
28
18
85
80
54
7
0
21
88
90
34
25
61
42
91
20
54
42
30
34
8
2
84
87
57
2
48
49
12
89
54
72
82
88
37
20
94
14
82
69
15
84
99
54
36
10
42
64
41
11
2
47
